# Det
#x y z Px Py Pz t PDGid EventID TrackID ParentID Weight Edep VisibleEdep Ntracks
1490.38 511.249 -50 0.292177 0.106377 0.971441 18.3991 22 9353 1001 1 1 0.766029 0.766029 2 
-708.565 -1190.66 -50 -0.198272 -0.274879 1.0349 19.3761 22 11065 1001 1 1 0.155379 0.155379 2 
141.73 1363.58 -50 0.0329755 0.127723 0.493679 18.3226 22 16082 1050 1002 1 0.0796165 0.0796165 2 
-505.485 958.553 -50 -0.100474 0.122794 0.823821 18.0637 22 16262 1001 1 1 0.69709 0.69709 5 
327.053 -576.447 -50 0.0764439 -0.165045 1.26544 17.7606 22 17885 1001 1 1 1.02323 1.02323 4 
-77.3214 999.888 -50 -0.0127624 0.147588 0.771336 17.9846 22 19000 1008 1 1 0.278327 0.278327 3 
1617.91 -10.4054 -50 0.295431 0.0408356 0.829208 18.8177 22 19856 1001 1 1 0 0 1 
-1038.5 484.474 -50 -0.336913 0.168777 1.53805 18.0463 22 21507 1001 1 1 0 0 1 
1867.71 974.714 -50 0.226479 0.123294 0.595478 18.9017 22 24736 1001 1 1 0.0065162 0.0065162 2 
873.926 -1273.51 -50 0.161587 -0.191285 0.705648 18.9593 22 27190 1001 1 1 0.380624 0.380624 3 
-466.693 211.653 -50 -0.0596381 0.00793458 0.584366 17.7249 22 28028 1001 1 1 0.380479 0.380479 3 
-1322.76 -453.782 -50 -0.129636 -0.0799761 0.54298 18.5178 22 34093 1001 1 1 0 0 1 
-1808.4 1523.04 -50 -0.384622 0.307618 1.06431 19.3652 22 34523 1001 1 1 0.503555 0.503555 2 
-1291.38 89.3407 -50 -0.131535 -0.013563 0.41128 19.3781 22 35838 1001 1 1 0.0144838 0.0144838 2 
-668.874 751.559 -50 -0.105618 0.155017 0.880797 18.0119 22 40387 1001 1 1 0 0 1 
1231.69 -1665.93 -50 0.17363 -0.170413 0.563934 19.9207 22 44220 1001 1 1 0.406425 0.406425 2 
-322.268 -1822.54 -50 -0.0189621 -0.235294 0.5726 19.1762 22 46030 1001 1 1 0 0 1 
234.676 540.611 -50 0.0354319 0.0727094 0.876192 17.8269 22 48843 1001 1 1 0.734527 0.734527 5 
-972.611 1156.39 -50 -0.159107 0.146711 0.738772 19.0038 22 51839 1001 1 1 0.643161 0.643161 3 
1505.83 -1170.65 -50 0.286281 -0.237086 1.06459 18.8591 22 52089 1010 1 1 0 0 1 
-1176.2 982.42 -50 -0.21663 0.130639 0.835442 18.6557 22 57880 1001 1 1 0 0 1 
-1602.49 -997.018 -50 -0.180606 -0.130724 0.539348 18.9774 22 58764 1001 1 1 0.583586 0.583586 16 
-1482.28 660.63 -50 -0.475198 0.165162 1.34864 19.3559 22 60961 1001 1 1 0 0 1 
-122.677 -1349.98 -50 -0.0213849 -0.104716 0.36867 18.3645 22 66082 1015 1 1 0 0 1 
370.417 -52.3424 -50 0.11463 -0.0979402 1.56313 17.8045 22 67567 1001 1 1 1.42534 1.42534 8 
-4.807 -557.654 -50 -0.0471346 -0.19165 1.57993 17.7594 22 69882 1001 1 1 0 0 1 
1881.72 495.322 -50 0.125356 0.0233093 0.36017 19.121 22 73943 1001 1 1 0.220853 0.220853 2 
1270.86 1914.63 -50 0.0828948 0.113293 0.294235 21.9189 22 74988 1011 1 1 0.325979 0.325979 6 
-952.938 -1486.88 -50 -0.133371 -0.21004 0.675888 18.3804 22 75587 1001 1 1 0.602558 0.602558 3 
520.304 1038.22 -50 0.0805637 0.163974 0.650938 18.2213 22 81896 1009 1 1 0 0 1 
1502.99 1403.88 -50 0.307549 0.255914 0.87761 20.2144 22 84162 1001 1 1 0 0 1 
-1894.51 -530.859 -50 -0.371558 -0.131299 0.836973 19.9062 22 88821 1001 1 1 0 0 1 
-1660.45 -1958.8 -50 -0.332034 -0.444048 1.05178 19.886 22 91938 1001 1 1 1.00299 1.00299 3 
-984.815 -148.615 -50 -0.297823 -0.0413662 1.22891 20.1247 22 103193 1001 1 1 0 0 1 
-1579.23 -139.22 -50 -0.89212 -0.0890806 2.7651 18.6017 22 103763 1001 1 1 2.46724 2.46724 3 
1245.12 1497.23 -50 0.327166 0.279513 1.03683 19.3823 22 105210 1001 1 1 0.634424 0.634424 4 
-1877.25 215.973 -50 -0.135507 0.0340316 0.371199 19.6851 22 109673 1001 1 1 0.337216 0.337216 8 
1409.64 -1908.15 -50 0.282734 -0.370502 0.876968 19.8637 22 113696 1001 1 1 0 0 1 
-330.63 -1344.13 -50 -0.03704 -0.131663 0.459393 18.2207 22 124432 1001 1 1 0 0 1 
-420.374 -1983.46 -50 -0.0926875 -0.389169 0.939289 18.8418 22 129325 1001 1 1 0.862695 0.862695 4 
-1129 -584.51 -50 -0.429529 -0.202963 1.79805 18.0056 22 134850 1028 1 1 0.011597 0.011597 2 
1487.98 -820.359 -50 0.110784 -0.0376931 0.33652 19.6923 22 138343 1001 1 1 0.274274 0.274274 5 
1979.27 241.747 -50 0.243716 0.0254686 0.64219 20.2174 22 140861 1001 1 1 0.179812 0.179812 2 
-1322.99 1958.07 -50 -0.119774 0.143046 0.364175 19.9085 22 144955 1001 1 1 0.190246 0.190246 4 
516.285 1828.63 -50 0.0698208 0.210254 0.58574 18.5156 22 145738 1012 1 1 0.111057 0.111057 2 
-19.1826 -107.327 -50 0.0233168 -0.0760962 1.07363 18.6306 22 145883 1001 1 1 0 0 1 
-238.74 -190.822 -50 -0.0178829 0.0143715 1.31837 18.1827 22 150076 1001 1 1 0 0 1 
597.095 -422.853 -50 0.0689886 -0.0829122 0.808179 17.7775 22 154762 1001 1 1 0 0 1 
815.767 -1452.89 -50 0.138979 -0.26039 0.975688 18.7183 22 160121 1001 1 1 0.356954 0.356954 2 
-652.172 307.468 -50 -0.10838 0.0601175 0.824867 17.6132 22 161834 1012 1 1 0.782219 0.782219 10 
949.753 1446.88 -50 0.129301 0.194936 0.693855 18.4325 22 162261 1014 1 1 0.653174 0.653174 5 
-876.458 1979.07 -50 -0.151467 0.434494 0.927834 19.6553 22 164614 1001 1 1 0 0 1 
-1252.79 -846.807 -50 -0.0982309 -0.0695309 0.348677 18.5867 22 164894 1001 1 1 0 0 1 
1707.48 -787.139 -50 0.207325 -0.078278 0.554433 19.0862 22 168787 1001 1 1 0 0 1 
-48.4463 100.841 -50 -0.0681075 0.0707367 1.14264 18.1523 22 175602 1001 1 1 0 0 1 
-1407.21 -205.381 -50 -0.38152 -0.00730598 1.3041 18.3009 22 176945 1001 1 1 0 0 1 
-738.429 -336.266 -50 -0.0651036 -0.0440984 0.466434 17.8417 22 177215 1001 1 1 0.354959 0.354959 6 
-83.6918 -158.696 -50 -0.0223929 -0.011638 0.334288 18.1797 22 185189 1001 1 1 0.0571464 0.0571464 2 
694.187 -928.469 -50 0.225082 -0.383444 1.57173 18.6639 22 195661 1001 1 1 1.43733 1.43733 4 
-309.982 235.28 -50 -0.0367324 0.0227938 0.732304 17.7592 22 195691 1001 1 1 0 0 1 
1227.28 664.686 -50 0.256629 0.146991 1.11132 18.1915 22 196488 1001 1 1 0 0 1 
-1203.96 -26.5873 -50 -0.0912649 0.00138247 0.401515 18.0335 22 196829 1001 1 1 0.310978 0.310978 4 
772.44 -751.25 -50 0.049846 -0.0489997 0.280527 18.1312 22 199913 1009 1 1 0.22257 0.22257 7 
209.111 223.57 -50 -0.00378557 0.0643849 0.670882 18.3918 22 200881 1001 1 1 0.467323 0.467323 6 
199.571 -851.378 -50 0.0228892 -0.051817 0.371739 17.9504 22 201022 1001 1 1 0.297476 0.297476 9 
-1575.59 -1231.18 -50 -0.202095 -0.15699 0.637003 18.8594 22 202580 1012 1 1 0 0 1 
-1557.39 -244.204 -50 -0.262586 -0.0305666 0.894326 18.4828 22 203661 1001 1 1 0 0 1 
1988.72 -423.941 -50 0.645163 -0.164342 1.6294 18.8913 22 205367 1001 1 1 0.10603 0.10603 2 
1579.4 -871.904 -50 0.139239 -0.091008 0.493092 18.7576 22 207389 1001 1 1 0.520366 0.520366 15 
-1880.33 678.149 -50 -0.198491 0.0550897 0.54134 19.2689 22 215951 1001 1 1 0.360418 0.360418 3 
1104.59 -709.103 -50 0.143007 -0.101833 0.723551 18.0592 22 219151 1001 1 1 0.256362 0.256362 2 
1452.55 598.472 -50 0.188955 0.0750782 0.70281 18.7022 22 230843 1001 1 1 0 0 1 
-822.953 -1117.94 -50 -0.0385982 -0.0480453 0.183727 19.1315 22 237571 1042 1041 1 0 0 1 
-1242.17 -1439.58 -50 -0.256663 -0.286977 1.00838 18.5632 22 241640 1001 1 1 0.394914 0.394914 2 
-1255.92 806.683 -50 -0.112739 0.0502058 0.386771 20.3377 22 243103 1001 1 1 0.125246 0.125246 4 
1883.54 1775.47 -50 0.560502 0.553058 1.43091 19.6248 22 244557 1001 1 1 0 0 1 
357.985 1192.2 -50 0.0251499 0.130476 0.560127 18.1323 22 245853 1011 1 1 0.227508 0.227508 3 
811.99 1671.18 -50 0.119846 0.235683 0.662651 18.6255 22 252511 1001 1 1 0 0 1 
-1229.02 806.948 -50 -0.219557 0.144707 0.818568 18.2541 22 252553 1010 1 1 0 0 1 
1595.4 1798.96 -50 0.474656 0.498149 1.50848 19.4788 22 254607 1001 1 1 0 0 1 
464.249 611.644 -50 0.0478112 0.0398924 0.43953 17.9055 22 254938 1001 1 1 0 0 1 
231.702 340.717 -50 0.010594 0.0749894 0.606903 18.2177 22 258700 1014 1 1 0.191288 0.191288 2 
-37.5733 1681.58 -50 -0.00255309 0.416281 1.25487 18.6287 22 259252 1001 1 1 0 0 1 
-1885.07 177.377 -50 -0.202026 0.0213921 0.511902 18.7466 22 260084 1001 1 1 0.418021 0.418021 4 
111.298 -183.378 -50 -0.00922527 -0.0288766 0.354772 19.2731 22 264051 1001 1 1 0 0 1 
-1578.02 427.55 -50 -0.27528 0.0641341 0.732859 19.2509 22 267797 1001 1 1 0 0 1 
1145.94 -1730.32 -50 0.13004 -0.241269 0.599872 19.3934 22 267820 1001 1 1 0.239833 0.239833 2 
1078.74 -93.4385 -50 0.179062 0.0237925 0.752005 18.2787 22 269122 1001 1 1 0.270597 0.270597 2 
-349.835 -267.422 -50 -0.111343 -0.0597251 1.74634 17.7337 22 269389 1001 1 1 0.547582 0.547582 2 
1052.65 -1997.77 -50 0.143064 -0.3149 0.834787 19.664 22 270250 1001 1 1 0 0 1 
-1174.57 1491.88 -50 -0.205322 0.247691 0.782552 18.783 22 270489 1001 1 1 0.0280361 0.0280361 2 
-1352.7 1930.19 -50 -0.13751 0.192816 0.516711 20.8846 22 273307 1001 1 1 0 0 1 
1618.58 105.657 -50 0.252452 0.0463883 0.782878 18.5438 22 274806 1001 1 1 0.128022 0.128022 2 
1860.83 1196.4 -50 0.108949 0.0820945 0.284349 19.4727 22 278245 1001 1 1 0.055944 0.055944 2 
-832.342 -694.965 -50 -0.0884323 -0.060699 0.492889 18.0707 22 280057 1001 1 1 0.395902 0.395902 6 
-943.472 -1522.36 -50 -0.0668346 -0.116673 0.432658 18.6733 22 280621 1018 1 1 0.408928 0.408928 12 
323.15 -1111.42 -50 0.090292 -0.307345 1.31012 17.8942 22 283498 1015 1 1 0.585661 0.585661 2 
318.082 -1126.68 -50 0.0375486 -0.116193 0.435362 19.7178 22 284261 1001 1 1 0.276808 0.276808 3 
-1107.74 579.011 -50 -0.335954 0.0934016 1.20524 19.0918 22 286322 1001 1 1 1.17365 1.17365 7 
854.222 -753.761 -50 0.0722704 -0.0547117 0.328575 18.3003 22 288947 1026 1025 1 0.18986 0.18986 2 
176.563 -1382.74 -50 0.0114846 -0.173371 0.581899 18.2835 22 290476 1009 1 1 0.356101 0.356101 3 
-1431.43 -648.911 -50 -0.239322 -0.168871 0.924259 19.0945 22 290504 1001 1 1 0 0 1 
-758.896 1652.07 -50 -0.20989 0.333757 0.997101 19.1503 22 290642 1013 1 1 0.519041 0.519041 3 
-1110 -1918.41 -50 -0.131868 -0.257467 0.57888 19.4645 22 293340 1001 1 1 0 0 1 
-273.629 1675.43 -50 -0.0131276 0.201688 0.521585 18.9426 22 293766 1001 1 1 0.481171 0.481171 6 
-904.127 -116.294 -50 -0.132995 -0.0490205 0.734373 19.1641 22 295038 1001 1 1 0.578346 0.578346 4 
600.755 1997.24 -50 0.0878469 0.289349 0.611307 19.815 22 295096 1001 1 1 0 0 1 
-282.371 1744.78 -50 -0.0688003 0.201535 0.630746 18.9483 22 301430 1001 1 1 0 0 1 
-315.47 -1085.53 -50 -0.0304044 -0.103831 0.507752 18.0555 22 304003 1001 1 1 0 0 1 
-1906.59 -954.38 -50 -0.633569 -0.389443 1.60928 19.413 22 304523 1001 1 1 0.122776 0.122776 2 
-959.448 858.441 -50 -0.145466 0.0937613 0.66332 18.3179 22 308233 1009 1 1 0 0 1 
-302.539 133.417 -50 -0.0762499 0.0194732 1.03973 17.4593 22 309805 1001 1 1 0 0 1 
409.923 721.931 -50 0.179287 0.186121 1.41024 19.6886 22 310229 1001 1 1 0.64286 0.64286 2 
1244.55 -1517.52 -50 0.276454 -0.362092 1.27218 19.078 22 311912 1001 1 1 0 0 1 
813.036 -1293.09 -50 0.123225 -0.163149 0.564729 19.088 22 316664 1001 1 1 0 0 1 
524.66 -814.612 -50 0.190544 -0.249522 1.48937 17.9517 22 318843 1001 1 1 0 0 1 
384.703 518.078 -50 0.133795 0.182866 1.79887 17.7567 22 328025 1001 1 1 0 0 1 
-4.88258 -295.852 -50 -0.00063435 -0.0748605 0.673362 18.3229 22 329239 1010 1 1 0.677483 0.677483 9 
-634.619 -806.125 -50 -0.0643367 -0.0991588 0.580283 18.1344 22 331322 1001 1 1 0.378431 0.378431 3 
-1440.48 -1170.8 -50 -0.200659 -0.150778 0.700463 18.6109 22 332076 1001 1 1 0 0 1 
-783.728 -731.741 -50 -0.13586 -0.139422 0.698384 18.3203 22 332506 1001 1 1 0 0 1 
1155.61 -1541.79 -50 0.208892 -0.221432 0.793827 19.2936 22 333945 1001 1 1 0 0 1 
-1270.97 -324.491 -50 -0.0823366 -0.00976273 0.290464 18.4413 22 339251 1030 1 1 0.0199441 0.0199441 2 
-1882.28 -606.475 -50 -0.275177 -0.0753248 0.769255 18.91 22 342060 1001 1 1 0 0 1 
1192.38 1074.4 -50 0.193041 0.177329 0.956959 18.61 22 343129 1001 1 1 0.827126 0.827126 3 
1395.68 116.646 -50 0.307153 0.0178833 1.00299 18.1087 22 348301 1001 1 1 0 0 1 
1828.71 1446.72 -50 0.214612 0.185984 0.564493 21.9278 22 349004 1001 1 1 0.432198 0.432198 4 
-1782.11 847.901 -50 -0.295271 0.174179 0.77378 19.5939 22 349095 1001 1 1 0 0 1 
-647.029 717.931 -50 -0.076748 0.0856029 0.425593 18.9166 22 349935 1001 1 1 0.26463 0.26463 2 
-1205.8 47.8357 -50 -0.0952357 0.00870886 0.389665 19.0787 22 354639 1001 1 1 0.252986 0.252986 3 
-736.494 543.161 -50 -0.178988 0.133307 1.08728 18.0359 22 356992 1012 1 1 0.0421014 0.0421014 2 
-620.461 701.964 -50 -0.0596226 0.0468545 0.337944 19.8762 22 357018 1001 1 1 0 0 1 
-645.626 1172.38 -50 -0.118939 0.130222 0.655604 19.0893 22 360004 1001 1 1 0 0 1 
-763.483 -1769.18 -50 -0.0800831 -0.228397 0.624991 18.8856 22 362954 1001 1 1 0.338696 0.338696 2 
1819.24 1430.65 -50 0.345381 0.277126 0.895071 19.2872 22 363542 1001 1 1 0.250173 0.250173 2 
1751.65 746.261 -50 0.155573 0.062778 0.410856 18.8164 22 371239 1001 1 1 0.166502 0.166502 3 
-1088.58 1187.62 -50 -0.125129 0.15038 0.613171 19.738 22 374137 1001 1 1 0 0 1 
-487.851 -338.07 -50 -0.0726006 -0.0174794 0.624411 17.8739 22 377592 1001 1 1 0 0 1 
1991.42 -1520.79 -50 0.217563 -0.167825 0.506829 19.7994 22 380908 1001 1 1 0 0 1 
608.188 -1463.38 -50 0.0897203 -0.146254 0.505362 18.9322 22 386416 1001 1 1 0.369804 0.369804 3 
-953.96 -151.877 -50 -0.0720711 -0.0146334 0.352683 17.7722 22 388411 1001 1 1 0 0 1 
100.2 -1853.14 -50 0.0203041 -0.199225 0.530962 18.6658 22 393907 1007 1 1 0 0 1 
683.64 -1437.59 -50 0.0422298 -0.139292 0.451022 18.8594 22 393914 1001 1 1 0.00097429 0.00097429 2 
-1827.39 602.729 -50 -0.430392 0.153705 1.15275 18.6328 22 395422 1001 1 1 1.13706 1.13706 4 
1359.99 1519.4 -50 0.122925 0.124614 0.456233 19.2164 22 398257 1001 1 1 0.0171418 0.0171418 2 
0.802006 -585.598 -50 0.00383169 -0.20865 1.36581 17.7569 22 398452 1006 1 1 0 0 1 
-716.614 1092.34 -50 -0.0796576 0.19452 0.687246 18.8177 22 399494 1001 1 1 0.254195 0.254195 2 
-410.466 771.641 -50 -0.0356229 0.101178 0.518856 19.4256 22 399594 1001 1 1 0 0 1 
-891.527 -1730.68 -50 -0.166176 -0.222232 0.773743 20.7631 22 400400 1001 1 1 0.156028 0.156028 2 
16.174 903.852 -50 0.000470572 0.146017 0.75968 17.8903 22 401254 1001 1 1 0.0114853 0.0114853 2 
-937.08 93.9211 -50 -0.0772476 0.0127304 0.512303 18.2653 22 401690 1001 1 1 0 0 1 
827.117 -1273.06 -50 0.0955474 -0.161041 0.669764 18.416 22 406128 1001 1 1 0 0 1 
302.517 216.903 -50 0.0468844 0.0734864 1.71332 17.7656 22 406711 1001 1 1 0 0 1 
1266.87 544.979 -50 0.251674 0.126862 1.04034 18.3943 22 413284 1001 1 1 0 0 1 
152.12 512.881 -50 0.0585955 0.0778908 1.14502 17.7886 22 416906 1001 1 1 0.643559 0.643559 2 
-1583.08 -683.802 -50 -0.11222 -0.0459885 0.395488 18.5146 22 422764 1001 1 1 0.413607 0.413607 11 
1024.86 164.922 -50 0.0161532 -0.000804844 0.0734914 19.7872 22 424844 1015 1001 1 0 0 1 
92.4019 1502.37 -50 -0.0174096 0.208044 0.573514 19.5315 22 425876 1001 1 1 0.181916 0.181916 2 
-1065.98 -1299.92 -50 -0.271694 -0.419238 1.32169 18.9371 22 425975 1001 1 1 0 0 1 
1312.84 -805.09 -50 0.126272 -0.073044 0.483877 18.3484 22 426998 1001 1 1 0.505344 0.505344 13 
-1103.22 1291.75 -50 -0.171301 0.189407 0.674414 18.6887 22 427006 1001 1 1 0.532637 0.532637 4 
-272.579 638.449 -50 -0.0556029 0.062518 0.526117 18.228 22 430111 1001 1 1 0.346976 0.346976 3 
-1421.72 -1372.93 -50 -0.186824 -0.184402 0.658125 18.6532 22 434135 1001 1 1 0 0 1 
1084.6 132.851 -50 0.240033 0.0486333 1.10171 17.8949 22 442584 1001 1 1 1.05763 1.05763 8 
-1237.34 -1168.2 -50 -0.258259 -0.201192 0.978438 18.7263 22 446322 1001 1 1 0.354566 0.354566 2 
-989.884 -1589.63 -50 -0.0849289 -0.17232 0.496403 18.8614 22 455957 1012 1 1 0.41222 0.41222 6 
349.253 -1954.75 -50 0.0842102 -0.357802 0.978932 19.3222 22 456657 1001 1 1 0.12711 0.12711 2 
-53.0451 1650.06 -50 -0.0390993 0.421599 1.12566 18.7592 22 457447 1001 1 1 0.294314 0.294314 2 
-1090.81 74.3975 -50 -0.123425 0.0171952 0.482295 18.3789 22 458736 1001 1 1 0.400985 0.400985 4 
303.587 1977.68 -50 0.045477 0.252043 0.558052 19.9523 22 459772 1001 1 1 0 0 1 
-1478.21 1596.91 -50 -0.380339 0.394359 1.32724 19.0235 22 461352 1001 1 1 0.455192 0.455192 2 
1695.14 1522.56 -50 0.270047 0.25404 0.874046 19.2365 22 464695 1001 1 1 0.411386 0.411386 2 
-686.589 544.904 -50 -0.1549 0.194786 1.17702 18.4238 22 464938 1001 1 1 0.620929 0.620929 2 
-970.706 1405.59 -50 -0.112185 0.159197 0.545261 18.5673 22 465693 1001 1 1 0.461978 0.461978 4 
828.988 1403.44 -50 0.192774 0.370991 1.09768 19.2624 22 469158 1012 1 1 0 0 1 
404.719 -1474.41 -50 0.0529431 -0.237704 0.7578 18.4229 22 471052 1001 1 1 0 0 1 
-222.211 -322.542 -50 -0.0193421 -0.0344645 0.616462 17.5914 22 471225 1001 1 1 0.283775 0.283775 2 
120.308 -1289.95 -50 0.0276194 -0.12319 0.556639 18.1086 22 473458 1001 1 1 0 0 1 
-979.591 -1920.77 -50 -0.112637 -0.244842 0.575111 23.9531 11 473559 1033 1001 1 0.304174 0.304174 1 
761.349 888.363 -50 0.192518 0.1885 1.15911 18.1892 22 475834 1001 1 1 0 0 1 
-1440.82 -810.795 -50 -0.223351 -0.131825 0.783139 18.3423 22 479107 1001 1 1 0.00761314 0.00761314 2 
596.693 815.221 -50 0.0355535 0.0448576 0.263349 17.7813 22 479873 1001 1 1 0.269454 0.269454 9 
-1570.01 -895.824 -50 -0.226746 -0.111198 0.634 20.1158 22 481741 1001 1 1 0 0 1 
403.348 -1198.82 -50 0.0340833 -0.146077 0.601853 18.1564 22 484989 1001 1 1 0 0 1 
1919.3 350.469 -50 0.45381 0.126128 1.03096 19.8839 22 486767 1001 1 1 0.140319 0.140319 2 
-653.598 904.567 -50 -0.119911 0.159396 0.834446 17.9784 22 488789 1001 1 1 0 0 1 
-1092.04 -1588.59 -50 -0.156154 -0.219955 0.771643 18.8739 22 490838 1001 1 1 0 0 1 
1696.66 -1246.4 -50 0.217304 -0.115858 0.548916 19.9256 22 491433 1001 1 1 0.493196 0.493196 5 
1795.95 1998.64 -50 0.238873 0.256492 0.613505 19.9061 22 492173 1036 1 1 0 0 1 
-982.779 -989.97 -50 -0.18557 -0.181349 0.828182 18.2922 22 495012 1001 1 1 0.738342 0.738342 6 
1698.13 -993.066 -50 0.189248 -0.0808537 0.473791 19.374 22 496649 1001 1 1 0 0 1 
18.5874 1138.01 -50 0.00235272 0.148209 0.53927 18.1242 22 496860 1001 1 1 0 0 1 
858.077 239.486 -50 0.100812 0.00749686 0.434694 18.3687 22 498426 1001 1 1 0.315006 0.315006 4 
-1477.31 -1929.72 -50 -0.136327 -0.159348 0.490537 21.1978 22 509934 1001 1 1 0.353984 0.353984 2 
-1056.01 -636.637 -50 -0.151675 -0.0940624 0.66479 18.0401 22 510953 1015 1 1 0 0 1 
1370.32 -9.82364 -50 0.0999233 -0.00222192 0.345317 17.9878 22 514072 1001 1 1 0.038984 0.038984 2 
1271.04 484.402 -50 0.265607 0.0963195 0.927804 18.1854 22 515945 1001 1 1 0.808952 0.808952 3 
-793.139 237.878 -50 -0.100174 0.0451669 0.624608 17.7631 22 518194 1016 1 1 0 0 1 
-718.42 1917.52 -50 -0.0882092 0.255571 0.702362 18.8957 22 518954 1001 1 1 0.652525 0.652525 6 
-256.353 397.588 -50 -0.0514978 0.101831 1.04616 17.5091 22 519662 1001 1 1 0.569005 0.569005 3 
1549.98 1772.34 -50 0.254842 0.286787 0.769865 19.4386 22 525036 1001 1 1 0.662159 0.662159 5 
-1514.88 -1447.6 -50 -0.277422 -0.284299 0.896529 19.0984 22 526042 1010 1 1 0 0 1 
1892.39 108.786 -50 0.568273 0.0355982 1.34894 19.0378 22 532879 1001 1 1 1.20254 1.20254 4 
-650.919 -37.8856 -50 -0.0916817 -0.00753643 0.760152 17.6456 22 533123 1001 1 1 0 0 1 
1969.72 -411.73 -50 0.143516 -0.0262601 0.338172 19.018 22 533983 1001 1 1 0.198735 0.198735 3 
-785.906 1368.88 -50 -0.163028 0.253209 0.859536 18.4003 22 537649 1001 1 1 0.599674 0.599674 4 
-312.446 653.344 -50 -0.0392641 0.0832744 0.628547 17.5554 22 542039 1001 1 1 0.122683 0.122683 2 
-53.7215 -1039.04 -50 -0.00107243 -0.142761 0.617341 18.0862 22 543602 1001 1 1 0.270171 0.270171 2 
-1912.69 -978.206 -50 -0.151516 -0.0697389 0.42165 20.5433 22 544397 1001 1 1 0 0 1 
-1446.72 1125.63 -50 -0.365853 0.242555 1.17462 18.7696 22 553052 1001 1 1 0.950902 0.950902 2 
558.604 -1545.14 -50 0.34505 -0.780875 2.471 18.4934 22 553159 1001 1 1 0 0 1 
-558.51 1687.57 -50 -0.1105 0.390061 1.07734 18.6888 22 554312 1011 1 1 0 0 1 
1280.7 -278.171 -50 0.0909252 -0.0277766 0.377877 21.3991 22 557257 1001 1 1 0.222012 0.222012 5 
1074.71 303.347 -50 0.123689 0.0436854 0.555328 17.948 22 558104 1001 1 1 0 0 1 
587.645 -1245.3 -50 0.169261 -0.238165 1.10178 18.4205 22 559057 1001 1 1 0.5079 0.5079 4 
1052.68 1329.49 -50 0.162106 0.211035 0.767361 18.6031 22 559687 1001 1 1 0.148994 0.148994 2 
-169.117 544.31 -50 0.00827712 0.087012 0.830424 18.348 22 563127 1001 1 1 0.458261 0.458261 5 
-1506.5 -184.917 -50 -0.219832 -0.014321 0.71424 18.2699 22 563211 1001 1 1 0.537058 0.537058 2 
965.042 183.651 -50 0.13258 -0.00210685 0.517293 18.4838 22 566383 1025 1 1 0.364852 0.364852 3 
-1653.62 -1066.18 -50 -0.16095 -0.102307 0.486036 19.8542 22 568900 1001 1 1 0 0 1 
235.84 -915.671 -50 0.106848 -0.194054 1.28484 18.0399 22 572421 1001 1 1 0 0 1 
1754.42 165.485 -50 0.16792 0.0277715 0.476962 18.6076 22 573375 1001 1 1 0 0 1 
-51.1725 940.673 -50 -0.0110036 0.174754 0.978877 17.9105 22 576016 1001 1 1 0.0946875 0.0946875 2 
-1116.47 1720.38 -50 -0.144632 0.205291 0.603359 18.8498 22 576307 1001 1 1 0 0 1 
-96.6352 -221.362 -50 -0.0235062 -0.0518708 0.915863 17.5507 22 578287 1012 1 1 0 0 1 
-1447.27 1509.9 -50 -0.38178 0.420746 1.27184 18.7562 22 581570 1001 1 1 0 0 1 
-289.999 1054.64 -50 -0.0640575 0.283012 1.06886 18.194 22 585044 1001 1 1 0 0 1 
-55.906 -1029.58 -50 -0.00920598 -0.128464 0.622138 18.0157 22 589243 1001 1 1 0.334672 0.334672 2 
-1532.41 1028.23 -50 -0.293617 0.199718 0.84637 18.9986 22 589726 1001 1 1 0.0172415 0.0172415 2 
1986.42 1247.07 -50 0.274631 0.20168 0.775499 19.7507 22 593817 1010 1 1 0.505768 0.505768 3 
854.778 415.847 -50 0.0466603 0.0100892 0.298279 18.2574 22 594714 1001 1 1 0 0 1 
1084.66 -1177.65 -50 0.247324 -0.231788 1.03336 18.4786 22 596693 1001 1 1 0.721062 0.721062 4 
-168.141 -767.007 -50 0.00387575 -0.124947 0.649183 18.0894 22 606840 1011 1 1 0 0 1 
-272.588 -1439.26 -50 -0.0189425 -0.134972 0.425812 18.2773 22 609981 1001 1 1 0.352269 0.352269 4 
-337.552 670.009 -50 -0.0158077 0.076028 0.390228 18.847 22 611311 1001 1 1 0.350497 0.350497 11 
794.05 1518.7 -50 0.136975 0.220231 0.665794 18.9464 22 611344 1001 1 1 0 0 1 
1226.29 -868.587 -50 0.187273 -0.111586 0.782696 18.6498 22 612276 1001 1 1 0 0 1 
0.0538865 -1361.54 -50 0.0024496 -0.362392 1.35114 18.2923 22 616306 1001 1 1 1.28149 1.28149 7 
-1422.87 -1015.37 -50 -0.145785 -0.111492 0.538678 18.7041 22 616336 1016 1 1 0.0412861 0.0412861 2 
72.3282 -1001.95 -50 0.0289461 -0.353107 1.77662 17.8394 22 621462 1001 1 1 0 0 1 
-210.934 523.133 -50 -0.0216494 0.182274 1.2862 17.8596 22 624242 1001 1 1 0 0 1 
1401.09 927.052 -50 0.292993 0.15773 1.0519 18.6177 22 631396 1001 1 1 0.0363894 0.0363894 2 
-1202.24 -488.892 -50 -0.25698 -0.122752 1.04376 18.1844 22 632564 1001 1 1 0 0 1 
-1511.63 -1082.65 -50 -0.209992 -0.17146 0.616191 19.5005 22 634379 1001 1 1 0.639071 0.639071 18 
1045.01 1977.27 -50 0.0941088 0.180012 0.477595 19.204 22 634978 1012 1 1 0.133023 0.133023 3 
-914.801 -662.526 -50 -0.232789 -0.222469 1.18096 18.1366 22 636806 1001 1 1 0 0 1 
-595.184 -1553.52 -50 -0.0575071 -0.172774 0.469782 19.3861 22 639266 1001 1 1 0.374193 0.374193 5 
-502.03 -685.147 -50 -0.125828 -0.160146 1.40093 17.9124 22 639316 1001 1 1 0.0857694 0.0857694 3 
406.88 78.9237 -50 0.0650813 0.0426633 0.660522 18.6228 22 641690 1001 1 1 0.44354 0.44354 5 
63.4772 433.685 -50 -0.0235736 0.0274475 0.622998 19.8784 22 646081 1001 1 1 0.473151 0.473151 5 
892.434 -1163.65 -50 0.111611 -0.114987 0.464427 18.7738 22 646992 1012 1 1 0 0 1 
-1336.61 930.52 -50 -0.190862 0.127871 0.619849 18.6159 22 647072 1001 1 1 0 0 1 
584.185 -1060.56 -50 0.118446 -0.231817 0.885513 18.2688 22 647183 1008 1 1 0.353647 0.353647 2 
-1830.15 1442.51 -50 -0.338827 0.272422 1.01304 19.448 22 647797 1001 1 1 0 0 1 
-1221.19 1048.07 -50 -0.121872 0.130264 0.530413 18.6441 22 648690 1001 1 1 0 0 1 
640.767 -366.159 -50 0.0978177 -0.0533054 0.864447 19.3921 22 651403 1001 1 1 0.655242 0.655242 3 
-1321.86 -1808.15 -50 -0.259639 -0.297293 0.875973 19.4047 22 653482 1001 1 1 0.855669 0.855669 4 
1873.88 -266.588 -50 0.17085 -0.0367209 0.455505 18.7861 22 659837 1001 1 1 0.029036 0.029036 2 
1110.27 -1292.36 -50 0.207631 -0.246314 0.952983 18.4329 22 660978 1001 1 1 0 0 1 
-1346.97 -346.226 -50 -0.437858 -0.0993824 1.55017 18.2254 22 661982 1001 1 1 0 0 1 
375.36 400.776 -50 0.0975626 0.114125 0.874505 19.101 22 664715 1001 1 1 0.311087 0.311087 2 
906.556 108.968 -50 0.0823816 0.00269982 0.534437 19.563 22 669520 1001 1 1 0 0 1 
-640.976 1227.37 -50 -0.198254 0.316199 1.35637 18.2501 22 672287 1001 1 1 0 0 1 
-1815 386.208 -50 -0.228825 0.0571258 0.551308 19.1484 22 677219 1009 1 1 0 0 1 
-272.15 -213.317 -50 -0.0470416 -0.0748688 0.783352 18.6492 22 678457 1001 1 1 0 0 1 
764.547 -538.411 -50 0.111921 -0.0940566 0.953398 18.0886 22 680982 1001 1 1 0 0 1 
287.496 1055.61 -50 0.0211451 0.285049 1.35357 18.0964 22 682132 1001 1 1 0.186411 0.186411 2 
1390.24 -207.806 -50 0.253052 -0.0666568 0.765359 19.1915 22 684499 1001 1 1 0.683385 0.683385 6 
-949.095 1887.26 -50 -0.155318 0.260726 0.624349 20.0568 22 687213 1001 1 1 0 0 1 
957.739 43.2328 -50 0.129976 0.00581452 0.72096 17.8203 22 689205 1001 1 1 0 0 1 
1037.54 1452.29 -50 0.16177 0.185104 0.597342 19.135 22 690333 1001 1 1 0 0 1 
1988.06 -1170.73 -50 0.504609 -0.252243 1.22378 19.3706 22 691273 1001 1 1 0 0 1 
1216.74 -1418.89 -50 0.114231 -0.138141 0.450613 18.6403 22 694113 1001 1 1 0.217758 0.217758 4 
-1171.42 1868.59 -50 -0.0854728 0.161802 0.384899 20.3083 22 696765 1001 1 1 0.329936 0.329936 4 
1350.63 1924.05 -50 0.178389 0.245843 0.632335 19.2068 22 697116 1001 1 1 0.510146 0.510146 3 
-1490.25 -1122.6 -50 -0.207062 -0.210521 0.74982 19.1559 22 697663 1007 1 1 0.0498798 0.0498798 2 
-264.771 675.609 -50 -0.0222885 0.161186 0.849471 18.2604 22 699022 1001 1 1 0.30137 0.30137 2 
-66.3097 1559.87 -50 0.00983398 0.209408 0.66245 18.6192 22 699904 1001 1 1 0 0 1 
65.867 -314.795 -50 0.0238617 -0.0980409 0.837593 18.1795 22 701934 1001 1 1 0.750989 0.750989 6 
-1012.71 -431.211 -50 -0.154753 -0.11648 0.830554 18.4416 22 710793 1001 1 1 0 0 1 
798.658 1502.52 -50 0.0644001 0.143871 0.446945 18.4777 22 713523 1012 1 1 0 0 1 
-1534.32 258.882 -50 -0.309418 0.0868532 0.973148 18.4846 22 714640 1001 1 1 0.694623 0.694623 4 
-126.012 -2000 -50 -0.0087952 -0.224666 0.531656 18.6464 22 715548 1009 1 1 0 0 1 
-1183.82 -254.241 -50 -0.12956 -0.0320989 0.549382 18.0961 22 717900 1001 1 1 0 0 1 
-1107.96 -1439.71 -50 -0.28969 -0.339204 1.3355 18.888 22 719112 1001 1 1 0 0 1 
254.199 -511.261 -50 0.0612462 -0.142735 1.17692 17.7235 22 719587 1008 1 1 0.95836 0.95836 3 
1906.36 -1590.21 -50 0.350774 -0.275431 0.917326 19.4465 22 719673 1001 1 1 0.631474 0.631474 3 
85.0182 297.908 -50 0.0171484 0.0253625 0.380915 17.7064 22 727675 1001 1 1 0.0420451 0.0420451 2 
-1270.43 -26.2986 -50 -0.178634 0.0035457 0.654445 18.2551 22 728648 1001 1 1 0 0 1 
-977.283 134.74 -50 -0.201959 -0.0102281 1.14017 17.9683 22 730326 1001 1 1 0.230847 0.230847 2 
1486.72 1863.13 -50 0.552979 0.623246 1.58803 19.6289 22 741780 1001 1 1 0 0 1 
-394.943 993.208 -50 -0.036746 0.107616 0.485704 18.1193 22 745454 1001 1 1 0 0 1 
290.75 -1298.19 -50 0.0744681 -0.349481 1.20298 18.2051 22 748880 1001 1 1 0.993914 0.993914 2 
-1386.89 -754.3 -50 -0.432887 -0.262872 1.65992 18.5093 22 753654 1001 1 1 1.39119 1.39119 4 
-1431.59 1630.14 -50 -0.190648 0.207247 0.659843 19.1622 22 754154 1010 1 1 0.590114 0.590114 5 
-29.9628 518.682 -50 -0.0226297 0.0304071 0.432425 17.858 22 754834 1001 1 1 0 0 1 
-1036.58 -278.761 -50 -0.0804559 -0.0383182 0.418931 18.1513 22 756579 1001 1 1 0.023042 0.023042 2 
-1516.36 -1197.47 -50 -0.343986 -0.265419 0.922678 19.7031 22 766375 1001 1 1 0 0 1 
400.699 45.0769 -50 0.0343216 -0.0147512 0.808245 17.7932 22 772107 1001 1 1 0.0584265 0.0584265 2 
-585.366 1290.75 -50 -0.0696452 0.165651 0.567199 18.2536 22 773204 1001 1 1 0.452919 0.452919 4 
1818.05 82.1327 -50 0.271739 -0.0232098 0.69962 19.3953 22 774195 1001 1 1 0.654672 0.654672 6 
1181.27 505.326 -50 0.340327 0.174583 1.48379 18.2008 22 778469 1001 1 1 0 0 1 
1792.21 497.227 -50 0.193632 0.083242 0.556152 19.3994 22 778742 1001 1 1 0 0 1 
1257.82 1499.55 -50 0.200432 0.244599 0.724274 18.9275 22 784706 1008 1 1 0.231237 0.231237 2 
1634.2 -667.211 -50 0.311449 -0.0792795 0.881462 18.7441 22 787019 1006 1 1 0.938178 0.938178 10 
-1014.61 -678.996 -50 -0.094409 -0.0647245 0.408573 18.1945 22 787604 1001 1 1 0.377765 0.377765 11 
1915.81 -326.968 -50 0.604546 -0.0610159 1.3896 19.1509 22 793681 1001 1 1 0 0 1 
-448.467 1841.23 -50 -0.0705384 0.320916 0.801923 18.921 22 796095 1001 1 1 0 0 1 
-308.937 97.4826 -50 -0.0472563 0.0198062 0.756881 17.6914 22 796712 1001 1 1 0.154673 0.154673 2 
-527.801 -288.591 -50 -0.0594876 -0.0515445 0.584215 18.0301 22 801263 1001 1 1 0 0 1 
-1466.77 513.071 -50 -0.198777 0.0567467 0.697374 18.3366 22 804547 1001 1 1 0 0 1 
-1463.6 1110.42 -50 -0.371647 0.281841 1.25426 18.638 22 805311 1027 1 1 0 0 1 
938.277 -778.069 -50 0.122171 -0.0686342 0.537482 18.2646 22 807820 1001 1 1 0 0 1 
-1900.4 579.355 -50 -0.217308 0.0632671 0.554976 18.9257 22 809964 1001 1 1 0 0 1 
1334.84 1945.08 -50 0.0196028 0.028131 0.0644909 20.4014 22 810146 1020 1001 1 0 0 1 
809.825 -1212.69 -50 0.0819659 -0.13162 0.512472 18.2217 22 812138 1010 1 1 0.345084 0.345084 3 
-1820.87 -1605.55 -50 -0.253279 -0.189611 0.597458 19.7368 22 815781 1001 1 1 0.182352 0.182352 3 
560.795 870.242 -50 0.0472073 0.0787501 0.495328 17.9829 22 817751 1001 1 1 0 0 1 
485.268 886.071 -50 0.0638197 0.117216 0.66243 17.6194 22 818730 1001 1 1 0 0 1 
1339.59 307.105 -50 0.264584 0.0290764 0.973732 19.9195 22 823759 1001 1 1 0.756227 0.756227 2 
-382.901 639.979 -50 -0.0211633 0.0354623 0.245568 19.3879 22 829379 1001 1 1 0.184085 0.184085 9 
1309.82 1190.16 -50 0.175445 0.14834 0.603959 18.6719 22 831391 1001 1 1 0 0 1 
-852.986 1484.78 -50 -0.252422 0.446785 1.29233 19.9494 22 831749 1001 1 1 0 0 1 
-76.8085 -1707.72 -50 -0.00903933 -0.294189 0.739538 19.5617 22 835091 1001 1 1 0 0 1 
892.481 -12.2157 -50 0.105077 -0.0219648 0.562912 17.9164 22 840442 1001 1 1 0 0 1 
-368.895 -111.857 -50 -0.0316372 -0.0264497 0.354111 18.0167 22 844043 1008 1 1 0 0 1 
-1197.86 335.609 -50 -0.211511 0.0223489 0.76321 19.0513 22 846815 1001 1 1 0 0 1 
-1022.79 -1210.69 -50 -0.238185 -0.227011 0.917533 18.9703 22 848110 1001 1 1 0.161033 0.161033 2 
117.752 372.649 -50 0.0151973 0.0351197 0.351945 17.7497 22 848632 1001 1 1 0.242454 0.242454 3 
-1725.1 -209.878 -50 -0.250366 -0.058702 0.637285 19.8392 22 850657 1001 1 1 0.593498 0.593498 4 
-1035.04 361.211 -50 -0.340069 0.0454353 1.36604 18.3877 22 851776 1001 1 1 0 0 1 
-454.942 1946.39 -50 -0.0540655 0.269295 0.673065 18.9573 22 868165 1001 1 1 0.513329 0.513329 2 
153.955 498.871 -50 -0.0201053 0.0961583 1.06276 18.0802 22 873453 1001 1 1 0 0 1 
-622.245 743.147 -50 -0.0773937 0.0879085 0.609467 17.868 22 875941 1001 1 1 0.512198 0.512198 5 
1786.34 -1173.06 -50 0.160221 -0.0938892 0.389759 20.7244 22 876266 1001 1 1 0.0322571 0.0322571 2 
-842.089 492.55 -50 -0.222585 0.16246 1.41757 17.8916 22 877310 1001 1 1 1.18391 1.18391 3 
762.401 -604.691 -50 0.114888 -0.0965843 0.898025 17.8276 22 879017 1009 1 1 0.800179 0.800179 5 
-1289.81 1695.36 -50 -0.135613 0.15845 0.47236 19.1614 22 881102 1001 1 1 0.51631 0.51631 6 
-335.785 1492.45 -50 -0.0139412 0.091385 0.289846 18.3691 22 882760 1001 1 1 0.183834 0.183834 4 
-673.769 -107.591 -50 -0.05604 0.00544961 0.544201 17.9387 22 883146 1001 1 1 0 0 1 
-873.314 172.32 -50 -0.155639 -0.0143229 0.966322 18.314 22 885473 1001 1 1 0.750917 0.750917 4 
-602.93 1104.96 -50 -0.278777 0.41207 2.05109 18.1112 22 887019 1001 1 1 1.87828 1.87828 3 
609.168 -767.463 -50 0.0630753 -0.081028 0.50935 17.8581 22 889150 1010 1 1 0.519554 0.519554 13 
-1306.74 1173.92 -50 -0.285409 0.291803 1.16604 18.557 22 889209 1001 1 1 0 0 1 
-502.006 806.629 -50 -0.0717744 0.0964142 0.657458 18.582 22 902497 1034 1 1 0.0787983 0.0787983 2 
312.074 -1552.53 -50 0.0500717 -0.239961 0.750793 18.219 22 907172 1001 1 1 0.726868 0.726868 7 
614.692 -728.355 -50 0.161599 -0.19986 1.07881 17.926 22 912997 1001 1 1 0 0 1 
-274.576 1456.53 -50 -0.0882005 0.23904 0.874722 18.7217 22 913226 1001 1 1 0.844069 0.844069 8 
-1656.05 1745.94 -50 -0.354216 0.341019 0.879355 21.6051 22 914043 1001 1 1 0 0 1 
-1351.13 -1133.09 -50 -0.141464 -0.135499 0.495797 19.9014 22 918118 1001 1 1 0.0298898 0.0298898 2 
84.9044 1130.46 -50 0.0738632 0.336626 1.50194 18.0952 22 919594 1001 1 1 0.0427978 0.0427978 2 
-1866.97 -1665.62 -50 -0.246016 -0.20886 0.699781 19.9963 22 920548 1001 1 1 0 0 1 
1909.33 1195.18 -50 0.121562 0.104709 0.372745 21.3608 22 927008 1001 1 1 0.010071 0.010071 2 
6.07857 1023.61 -50 -0.0095851 0.320955 1.23136 18.7237 22 927234 1001 1 1 0 0 1 
243.411 -299.43 -50 0.0373301 -0.0716201 0.681048 19.5601 22 932320 1001 1 1 0.5554 0.5554 5 
-865.85 -999.909 -50 -0.290776 -0.333422 1.41049 18.305 22 932895 1001 1 1 0.141357 0.141357 2 
-1008.1 1309.15 -50 -0.0707849 0.106615 0.325393 19.4591 22 933817 1001 1 1 0.211882 0.211882 4 
1507.88 -846.86 -50 0.35935 -0.237086 1.2295 18.5461 22 935999 1009 1 1 0 0 1 
-1925.77 -935.339 -50 -0.337943 -0.144411 0.842394 19.0886 22 936961 1001 1 1 0.361384 0.361384 2 
-640.244 668.934 -50 -0.0915187 0.0581447 0.475746 18.449 22 940719 1001 1 1 0.255129 0.255129 4 
214.691 -563.88 -50 0.0727763 -0.123012 1.3687 17.8878 22 940864 1001 1 1 0 0 1 
547.003 1580.73 -50 0.0753095 0.17773 0.578749 18.5087 22 941172 1010 1 1 0.423522 0.423522 2 
913.639 1450.05 -50 0.151166 0.308957 0.929044 18.7571 22 942884 1001 1 1 0.631722 0.631722 3 
-1931.71 67.9345 -50 -0.483587 0.00751504 1.23558 18.9561 22 943909 1001 1 1 0 0 1 
64.006 1898.28 -50 0.0146162 0.216696 0.552866 18.6471 22 947887 1026 1025 1 0.456902 0.456902 3 
170.61 -502.062 -50 0.0708171 -0.164298 1.05609 18.291 22 950747 1009 1 1 0 0 1 
-374.795 -286.699 -50 -0.0497137 -0.0247468 0.555074 17.7441 22 954085 1001 1 1 0.480576 0.480576 5 
1376.28 1111.06 -50 0.130183 0.117402 0.427035 19.809 22 957372 1001 1 1 0 0 1 
-422.133 810.295 -50 -0.0780784 0.110279 0.921506 17.9182 22 958543 1001 1 1 0.300172 0.300172 2 
9.76242 1611.2 -50 0.0070505 0.264326 0.827951 18.4991 22 962181 1001 1 1 0 0 1 
503.329 -1323.47 -50 0.0743825 -0.177401 0.631281 18.2505 22 964036 1010 1 1 0 0 1 
-702.822 9.7257 -50 -0.0609649 -0.016572 0.542139 17.9089 22 964370 1001 1 1 0.36772 0.36772 5 
1673.98 135.021 -50 0.499287 0.0136897 1.57783 18.5981 22 964787 1001 1 1 0 0 1 
-290.598 -1533.22 -50 -0.0364761 -0.238489 0.755555 18.4516 22 965659 1001 1 1 0.496226 0.496226 9 
-289.539 -94.1674 -50 -0.0106614 -0.00882253 0.473444 17.7295 22 981957 1001 1 1 0.294597 0.294597 2 
1589.78 1889.2 -50 0.138659 0.214022 0.473699 20.8246 22 982155 1001 1 1 0.456121 0.456121 8 
-96.0898 251.673 -50 0.0220283 0.0613693 0.920333 17.7892 22 984150 1001 1 1 0.824776 0.824776 6 
-573.598 -457.219 -50 -0.0617633 -0.0936382 0.659859 18.9081 22 986014 1001 1 1 0.281013 0.281013 2 
364.196 519.874 -50 0.0324847 0.0376085 0.461205 17.8139 22 988761 1001 1 1 0.282977 0.282977 2 
1716.49 -974.803 -50 0.309684 -0.177674 0.854104 18.8479 22 989082 1006 1 1 0 0 1 
-1229.59 211.071 -50 -0.153812 0.0277362 0.488332 18.5889 22 991654 1001 1 1 0.332219 0.332219 5 
193.233 -1713.34 -50 0.0279452 -0.224993 0.633202 18.585 22 992745 1001 1 1 0 0 1 
270.539 -667.944 -50 0.0295707 -0.0723472 0.506666 17.8255 22 997414 1001 1 1 0 0 1 
-1689.16 -23.9227 -50 -0.117889 -0.00850811 0.336828 18.7768 22 999791 1009 1 1 0.0544881 0.0544881 2 
